0002 25 5
0043 40 4
0049 45.5 3.7
0267 22.5 5
0380 42 4
0390 40 4
0437 40 4
0454 44.5 3.7
0673 44 3.7
0673 50.5 3.3
0770 28 5
0889 28 5
0899 40 4
0923 27 5
1047 68 1.7
1102 32.5 5
1145 42.5 4
1215 40.5 4
1237 50.5 3.3
1442 22.5 5
1480 5 5
1507 62.5 2.3
1620 76.5 1
1681 25.5 5
1738 46.5 3.7
1810 32 5
1845 29 5
2184 29.5 5
2218 72 1.3
2260 34.5 5
2360 40 4
2411 27 5
2430 24.5 5
2520 53.5 3
2980 44 3.7
3493 40 4
3852 4.5 5
3994 40.5 4
4168 25.5 5
4201 49.5 3.3
4263 16.5 5
4333 46 3.7
4471 45 3.7
4480 31.5 5
4550 40 4
4710 14 5
4759 40 4
5009 54 3
5160 29 5
5216 20 5
5362 30.5 5
5380 50.5 3.3
5396 24.5 5
5406 48 3.3
5473 8 5
5839 46.5 3.7
6084 42 4
6170 19.5 5
6318 34 5
6638 33.5 5
7135 46 3.7
7136 49 3.3
7502 54.5 3
8373 55.5 2.7
8505 54 3
8622 5 5
9126 27 5
9235 64 2
9346 31.5 5
9450 31.5 5
9571 55 3
9959 25 5