0002 20.5 5
0043 6 5
0049 17 5
0184 63 2.3
0200 76 1
0264 59 2.7
0267 22 5
0318 12 5
0390 35 5
0437 34 5
0445 40 4
0495 59 2.7
10673 26 5
50673 14 5
0695 63.5 2
0718 69 1.7
0849 65 2
0887 49 3.3
0889 9.5 5
0890 44.5 3.7
0941 31 5
1120 46 3.7
1148 40 4
1215 29 5
1237 40 4
1245 62.5 2.3
1311 60.5 2.3
1381 83 1
1442 23 5
1507 33.5 5
1581 62.5 2.3
1739 40 4
1840 67 2
1905 50 3.3
2005 40 4
2053 82.5 1
2080 41 4
2184 33 5
2260 30 5
2360 33.5 5
2411 9 5
2520 22.5 5
2928 51.5 3
2980 25 5
3192 67.5 1.7
3288 62.5 2.3
3435 42 4
3493 0 5
3662 32 5
3783 26 5
3852 4.5 5
3878 67.5 1.7
3896 85 1
3975 25.5 5
3994 31 5
4122 75.5 1
4168 32 5
4201 26 5
4209 40 4
4293 65.5 2
4323 64.5 2
4450 59 2.7
4471 34.5 5
4480 17 5
4525 49 3.3
4608 44.5 3.7
4712 74.5 1.3
4759 11 5
5009 27.5 5
5160 32.5 5
5212 69 1.7
5216 8 5
5281 55 3
5331 46 3.7
5396 24.5 5
5399 78 1
5473 5 5
5681 55.5 2.7
5695 55 3
5839 26 5
6007 63.5 2
6170 16 5
6229 61 2.3
6255 71.5 1.3
6318 35 5
6710 76 1
6837 56 2.7
6858 68.5 1.7
6956 27.5 5
6959 46 3.7
7010 27 5
7023 51 3.3
7136 29.5 5
7446 53 3
7469 63 2.3
7762 61 2.3
7771 84 1
8014 5 5
8097 55.5 2.7
8250 65 2
8390 0 5
8622 10.5 5
8655 40 4
8680 96 1
8909 79.5 1
9126 0 5
9235 16.5 5
9259 44 3.7
9279 23 5
9346 25.5 5
9401 40 4
9450 9 5
9571 22.5 5
9690 73.5 1.3
9804 41.5 4
9959 21.5 5