0006007 14.5 5.0
0003975 4 5.0
0008390 0 5.0
0002053 29 2.7
0001237 23 3.3
0002834 10 5.0
0006956 0 5.0
0009126 9 5.0
0001219 0 5.0
0002601 19 4.0
0004608 27 3.0
0001620 37 1.7
0001637 15.5 5.0
0003250 33.5 2.0
0004712 33 2.0
0007762 25.5 3.0
0002520 14 5.0
0005931 24.5 3.3
0005406 16 5.0
0000437 0 5.0
0002260 29 2.7
0005473 5.5 5.0
0007260 10 5.0
0005953 9 5.0
0001047 8 5.0
0003878 30.5 2.3
0005479 12 5.0
0001986 0 5.0
0000495 26 3.0
0007520 1 5.0
0001748 23 3.3
0006170 20 4.0
0004759 21 3.7
0001498 23.5 3.3
0003226 38.5 1.3
0006583 18.5 4.0
0009401 21.5 3.7
0007771 25 3.3
0002258 30 2.7
0000821 10 5.0
0000043 2.5 5.0
0005681 23 3.3
0009648 8 5.0
0000296 1 5.0
0008097 27 3.0
0000300 8.5 5.0
0001480 0 5.0
0004450 33.5 2.0
0006710 26.5 3.0
0002465 0 5.0
0002742 5 5.0
0003288 27 3.0
0000890 19.5 4.0
0000673 20 4.0
0004471 26 3.0
0008680 38 1.3
0001102 21 3.7
0009690 29 2.7
0009731 25 3.3
0006318 25 3.3
0001145 9 5.0
0000264 22 3.7
0001227 30 2.7
0005396 15 5.0
0000510 8.5 5.0
0000380 34.5 2.0
0004710 2 5.0
0001215 23 3.3
0004201 26.5 3.0
0005066 13 5.0
0008656 5 5.0
0000941 11 5.0
0001739 29 2.7
0001381 30 2.7
0000200 31.5 2.3
0008373 26.5 3.0
0004122 35.5 1.7
0005151 13 5.0
0005577 24 3.3
0000849 28 2.7
0000049 14 5.0
0005020 19 4.0
0009804 29.5 2.7
0003896 31.5 2.3
0004521 11 5.0
0003798 3 5.0
0000923 13 5.0
0005602 3 5.0
0000267 7 5.0
0003429 13.5 5.0
0007136 6 5.0
0000184 30 2.7
0004293 31 2.3
0008951 36 1.7
0000122 23 3.3
0001311 22 3.7
0005181 24.5 3.3
0000196 30.5 2.3
0005670 8 5.0
0009902 0 5.0
0005439 15 5.0
0007010 4.5 5.0
0003358 6 5.0
0002025 26.5 3.0
0008505 30.5 2.3
0006787 3 5.0
0000889 11.5 5.0
0005362 29 2.7
0002080 22 3.7
0005009 14 5.0
0008005 14.5 5.0
0006255 29 2.7
0003994 12 5.0
0009450 20 4.0
0002430 9 5.0
0004525 28 2.7
0003852 9 5.0
0004140 5 5.0
0005380 16 5.0
