0003994 12 5.0
0005396 16 5.0
0005009 23 3.7
0005380 26.5 3.3
0009126 10 5.0
0000002 15.5 5.0
0001681 11.5 5.0
0007136 19.5 4.0
0005439 31 2.7
0006787 0.5 5.0
0004710 6 5.0
0001047 31 2.7
0006638 10.5 5.0
0009648 6.5 5.0
0000923 9.5 5.0
0002430 12 5.0
0000296 2 5.0
0007469 24 3.7
0000267 3.5 5.0
0003358 15 5.0
0009493 0 5.0
0006858 21.5 4.0
0005406 19.5 4.0
0002834 19.5 4.0
0000103 21 4.0
0003662 4 5.0
0000899 6 5.0
0005953 10.5 5.0
0003852 1.5 5.0
0005430 16 5.0
0003939 11 5.0
0008014 12 5.0
0003798 5 5.0
0000437 14.5 5.0
0004263 4.5 5.0
0001498 14.5 5.0
0005670 5 5.0
0000043 3 5.0
0002742 9 5.0
0005066 23.5 3.7
0006007 19.5 4.0
0008005 9 5.0
0002360 16.5 5.0
0001480 0.5 5.0
0001873 0.5 5.0
0000049 16 5.0
0000889 10.5 5.0
0005479 14 5.0
0000454 34 2.3
0001145 16.5 5.0
0008656 13 5.0
0001237 24.5 3.3
0000440 7 5.0
0004521 6 5.0
0004755 6 5.0
0009346 3.5 5.0
0004560 3 5.0
0006831 2.5 5.0
0005473 4.5 5.0